25104
11281
24038
25020
23772
23379
24981
22911
24629
24102
26376
24710
25315
23686
23978
23981
25422
25852
22741
24301
24138
23350
23936
24097
24723
23822
23926
23748
24824
24496
24225
22873
24451
22821
25641
24942
23988
24032
24529
22887
23602
23871
24882
24227
25018
23785
26257
22393
25117
23956
23768
24529
21765
24213
24378
25590
25737
25194
24099
24540
24248
24120
24727
23384
22689
24531
23266
25070
24913
25137
24652
23850
24576
23629
23932
23706
23999
24144
25446
24386
24702
22612
23618
25107
24642
25124
25009
24511
26025
23740
25953
25319
24898
22430
24828
23624
24402
23617
22305
24499
23465
24220
24493
24831
24221
24401
23416
24197
23967
23893
24790
24978
24169
27023
23723
23493
23473
24054
23898
24479
23240
22668
24183
24527
25667
24693
24161
24562
23876
22905
23918
23916
23110
24127
24090
23061
24965
25251
24751
22163
25495
25173
23490
24094
25027
22800
24616
23648
24976
24050
24052
23907
24879
23614
24385
24628
25386
22956
23571
23567
24778
24956
24759
25000
24087
24002
23864
24659
23602
24500
24433
23471
23979
24201
23671
25632
23765
22940
25178
25212
23569
22508
24487
24216
25256
25506
24285
25108
25377
25627
23707
25386
24123
24358
23228
22853
24451
25225
24680
24647
24641
24778
25371
23687
24010
23590
22963
22489
25447
24584
24143
24661
24704
24526
24398
25850
24722
24418
25733
23792
24473
24115
25834
26110
24499
23343
24180
22830
23441
24794
24439
25010
24015
23392
24857
24351
23746
24720
23245
25508
24207
24407
24203
25108
24498
24829
24072
23426
24502
24300
24586
23961
24524
23287
23850
25646
24340
24438
23918
24296
24389
24840
24363
23975
24496
22891
24453
24308
23111
24434
23765
22665
25149
24928
24204
22816
24808
23690
24945
25018
23975
22617
24877
22793
24585
23475
22395
24544
24590
23225
25029
25259
24988
22706
25018
24137
24957
24934
24972
23577
24530
22709
24682
24484
23956
24725
24075
24277
23250
24515
24430
24250
23005
25379
24202
24810
23924
25130
23696
23534
23628
24004
24586
23348
24643
24061
23519
24763
23016
23982
24338
24091
24171
24204
22868
24937
23633
24160
24651
24894
25179
24322
24310
24406
26234
23997
23428
24714
23907
24352
22862
23889
23561
25282
24904
23407
23222
24293
26839
23485
24413
24265
23575
23397
24584
24164
25754
24459
24488
23993
23907
22991
24173
25293
24528
24630
24493
23783
23418
23765
24381
22208
25261
24547
25144
24367
24574
23657
25663
24504
25080
24689
25135
24002
24649
24661
23824
25132
25680
23595
24816
23692
23318
24016
24710
25369
23718
23628
24640
24530
24026
23334
22798
25322
23721
23970
24524
24710
23729
24709
24163
24431
23924
25059
24342
23786
23337
24543
25349
24352
23062
23908
25342
23120
24090
23414
24989
23085
23685
23687
24758
23816
24541
25349
24302
24054
24693
22682
24813
23991
24049
24367
24243
23852
24273
23659
24286
24309
23456
24350
22994
26027
24024
24356
24566
24496
25445
23775
24463
23829
25146
24927
24605
23560
24796
23492
24190
24347
24460
25387
22960
24535
24814
23864
24144
24663
26669
24194
24555
23356
24408
24260
24122
23578
23076
23762
23778
24912
24564
24822
24486
23744
25347
24563
23388
24667
25854
22745
23665
22974
25162
24022
24166
23968
24241
25480
24650
24711
22805
24257
25691
25002
23928
25484
23743
23027
24626
25260
24839
24926
24504
23713
22691
23996
23556
24164
23165
23278
24860
23160
24084
25185
23508
24051
24279
24269
24243
24273
24581
24359
24075
24938
22170
24549
23852
23007
25914
25493
22960
24867
24800
23546
24514
23255
23575
24923
24003
25129
24505
24723
23422
23245
23214
24547
24485
23489
23181
23574
24008
22691
23607
25367
24822
24900
24798
25341
24461
23737
23499
23895
24067
24497
24228
24487
24529
24396
25152
24167
23907
24366
24354
23395
24873
24315
24001
23033
24851
23997
24682
23623
24725
23311
25071
23863
25100
22446
23635
23022
24930
24168
23358
25177
25655
23485
24434
24063
25238
23942
23023
24297
24773
24387
26544
25523
23954
25867
25989
24221
23449
23860
24766
24340
25148
23323
25632
24679
24142
23667
24097
23760
24855
25445
24627
23220
23788
23826
23518
23298
25307
23756
24164
23202
25152
23440
24095
23939
24446
24256
22925
24034
24696
24419
23921
23830
24392
22979
24490
22300
24984
23285
25170
23935
23115
25318
24020
23796
24497
24187
25131
24105
23387
25347
24468
22710
24339
22822
23780
23978
25291
23396
23674
23464
23092
24963
25124
24374
24145
24338
24408
23601
23819
23634
23594
23861
22496
25530
24388
24713
23265
24747
24579
24954
25951
23597
24598
24129
24797
23988
24632
23301
23757
24794
23177
24491
24027
24386
23435
23237
23536
24478
24711
24619
23753
24029
23128
24691
23754
23424
24704
24798
25089
24372
23590
23344
23975
24429
23650
23578
24060
25522
24075
24780
23658
22831
25193
24683
25190
24489
25233
24619
24092
24484
24695
23206
24730
25423
23788
23039
24332
24711
24742
23614
23666
25336
25171
24267
23448
24870
23618
24957
24146
23941
25258
23670
22736
23126
25094
24391
25176
23810
24190
24149
23547
25648
24612
25060
24394
24834
24938
24419
24601
23681
24157
25677
23849
25049
24354
24050
23407
23861
23809
24274
25253
22627
24348
23409
23986
24066
22654
24449
24189
23306
23740
23812
24573
23573
24857
25094
24021
24676
24369
24985
24203
24058
22705
23902
25316
25422
24543
24955
24665
24575
23925
24141
24489
24383
23429
25052
23678
22950
23934
22549
24147
24292
23470
26065
23377
22580
24127
23420
23723
23479
22736
24599
23474
24442
25026
24138
25129
24305
22720
23313
24510
25196
24223
23979
23031
24703
24126
25172
23354
24988
23568
23737
24726
24528
23109
23283
24123
24694
23349
24634
22875
25329
23820
24991
24865
23246
24820
22236
23834
23422
24223
24042
24636
23453
24615
24171
23767
23962
24472
23636
23710
22388
23694
23111
24847
22194
25603
23994
25512
24929
23757
24024
23395
24798
25479
24000
23872
23249
23840
23001
24242
23698
25238
24445
23833
23926
22792
23472
23558
24470
23419
24880
23815
22787
22752
24211
25068
24346
22331
24030
24467
24672
24362
24598
24671
24152
23494
24573
24564
24601
24418
23682
23126
25998
24793
23365
24307
25910
24700
24696
23682
22558
23761
25403
22889
23737
24431
24252
23675
25064
22040
24124
24723
24154
25625
23983
23942
24381
24636
23839
25534
24495
23883
23544
25652
25458
24858
24358
24047
23579
23317
23837
24462
24339
23838
24592
23655
24889
23024
23032
23857
24537
25088
23660
23165
24084
23184
24237
24447
25697
24460
25311
22051
23397
24538
24631
24390
24690
23409
23672
25394
26392
23414
23520
23555
24798
23515
24843
23596
25016
23034
26639
25370
25555
24364
23767
24023
23180
23893
23046
25583
24920
24975
24384
24607
23717
25223
23344
23078
24877
23408
23944
24197
24586
23478
24323
24060
25101
23724
22955
23977
23877
23984
23756
25162
25326
24259
24896
23117
23605
23086
23577
22657
24854
23583
23944
24182
23084
23437
24240
25018
23514
24267
24654
23536
23716
24144
23387
23999
23133
23380
24445
24391
23789
23939
24236
23157
23215
25086
24880
25534
23177
23027
23958
24525
23183
23451
24271
24480
25161
23995
23915
24588
24646
23114
26780
25052
23958
24878
24729
23923
22677
24429
23826
24147
23392
22589
24106
24817
23966
24613
24784
23138
23982
25508
24901
25479
24480
23764
24712
22762
24769
23886
24271
23641
23567
24157
23010
24035
25693
25425
24778
24816
24705
24381
25061
25008
24685
24297
25270
23579
22900
24653
24435
24755
23786
23663
23104
24939
23798
23320
23636
23213
24760
25137
23779
22875
25774
23720
23340
23324
24627
23868
23016
24802
24797
23867
22533
23551
25735
24822
23746
24570
23187
23547
24358
24840
22703
24121
25137
24594
23491
23551
26625
23054
23293
25035
24146
23786
24539
24918
22783
25175
25254
23318
24327
23755
26470
23286
24495
24994
25549
23808
24125
25433
24669
22959
24527
24707
26546
24030
24472
24343
24126
24328
23927
24970
24493
25419
24818
23527
25358
24813
26888
24479
24098
24926
23837
25825
24520
23887
24730
23120
23977
23421
25289
24052
23954
24170
23557
24928
24271
23705
23944
21866
23974
25594
24309
24909
23240
23954
22906
25365
24338
23101
23756
24758
24862
25155
23207
24632
23673
24146
24947
23916
24439
22623
24366
24367
25076
24868
23438
23642
23651
22648
23290
23605
23007
22948
24316
25946
23130
24624
25733
23993
23845
25424
25646
23885
23214
23409
23817
24380
24217
23147
24040
25143
22615
23815
23908
24986
22981
23180
24078
24526
23809
23541
24286
23942
23922
23651
25289
23659
23192
24166
23887
24981
23552
23394
26543
24044
23321
23441
24451
23980
24798
24685
23331
24569
24043
25306
24058
24515
25052
24137
25123
23245
23513
24109
24779
23348
24093
24212
24253
23707
23854
24861
24855
22784
23459
24801
24070
25785
24340
24435
25337
26028
23913
24121
24511
24994
23247
23448
25211
23425
24216
25786
23702
24203
24414
24155
24304
23319
24230
24480
23121
24475
24170
24371
25143
24452
23032
24611
24802
24447
22283
24265
24592
25218
25155
23855
23396
25152
24913
25019
24360
24707
23120
23809
23016
25261
24003
24357
24328
24890
23660
23249
23712
23702
23979
24244
24565
24093
24498
24319
24623
24183
23153
23264
23040
25043
24638
24615
24212
24935
24423
25062
23962
23243
24824
23665
22903
25578
23066
23853
25054
24139
23951
24022
24015
24305
23918
24617
24241
24131
23362
25676
22986
25032
22302
24766
25173
25138
23361
25486
24690
22883
24297
23455
23337
23115
25425
24903
23870
25637
24283
24939
25519
24059
24720
24651
24090
24073
23989
22575
24570
24995
24035
24752
23381
24196
23978
24729
24487
24921
24872
23918
24270
23707
23935
23973
24281
23877
23226
23616
23813
25184
23966
24309
23048
26209
23297
24470
23451
24558
24121
24342
24651
23870
25105
23957
25503
24631
25190
25409
23508
24299
24786
23989
24016
24966
24593
23227
24121
23817
23560
24330
23923
24956
24245
24122
24519
25013
24140
24639
24229
23469
24346
23286
24189
23871
23879
23482
23657
24363
24913
24372
22907
23544
24292
24365
23648
22811
23950
24891
24252
21992
24237
24591
22913
24886
25310
23172
23958
24676
24832
23508
24182
24050
24437
23480
23862
23840
24158
23213
24265
24212
23458
22710
24177
25636
23769
24484
23980
23755
23435
24058
25227
24054
24409
23182
23614
24540
23301
23189
23463
24933
22769
24451
24396
24095
23602
24052
24710
24352
24071
24432
25845
22891
24305
23992
23925
23408
25030
24953
23447
22174
22731
23125
24355
24332
24377
25546
24358
23899
25079
25027
24484
24345
24322
24428
25030
24350
24253
24395
24734
23787
22476
24806
24340
23789
23260
24056
23988
23858
23163
24207
25653
24125
22875
23397
24226
26070
24858
23680
24716
24182
24167
24074
24845
23991
24779
22583
24559
26037
25259
25070
24862
24984
23650
24627
24154
25284
23228
25213
24167
25196
23409
23536
23098
25133
23399
24425
22821
24145
23954
23350
22808
23175
23798
24626
23699
24431
24038
25607
24171
24868
24935
25269
23372
26111
24417
23458
23440
23794
24784
25947
24605
25929
23826
23085
25018
24428
23398
25542
24229
24706
23306
24896
23419
23822
24083
23258
23795
25086
23082
23464
22675
24603
23252
24764
24197
23269
24329
24021
23803
23340
24638
24814
24653
25232
23519
23212
24187
23020
25501
26055
24629
23454
24676
24814
24704
24428
23331
25203
23999
24167
23721
24750
23601
22989
25064
24035
25598
24822
24407
23376
24776
24582
23082
23223
23584
24160
24753
24027
24146
23382
23569
23219
24506
22997
25698
24630
22593
23737
22972
24665
25026
24621
23541
23918
24300
24880
25314
22782
23226
23638
23469
24214
22725
24225
23102
23301
25341
22408
24716
23976
24579
24848
24507
24277
23130
23781
24547
23358
22860
23691
24546
23903
22657
24242
25875
25101
24195
23463
25721
24068
23866
25129
24387
25356
24457
24678
23426
23303
26107
24627
24720
23527
24429
24655
23697
23036
24383
24602
24665
23416
23727
23645
23764
21777
24185
24589
24384
23621
24268
23811
25557
24177
23670
23541
23331
24677
24235
25726
24378
24383
24646
24444
24345
25151
23598
23651
23054
23462
24324
22001
24614
24811
24250
22608
23459
24234
24125
24455
24153
23585
25342
23517
24139
23517
23022
24171
24499
25528
24594
23706
23806
23041
24883
26078
25841
25053
24102
25699
24296
23535
23679
23696
23727
26002
25195
25348
24646
23787
25423
23908
23765
25129
24703
25155
23977
24741
25989
24220
24191
25071
24101
24718
24941
24220
24939
23801
23135
24601
24771
25661
23333
24301
24076
25799
25162
added 1627
added 1625
added 1604
added 1603
added 1577
added 1563
added 1554
added 1543
added 1539
added 1510
added 1489
added 1475
added 1467
added 1447
added 1435
added 1426
added 1422
added 1399
added 1395
added 1378
added 1362
added 1343
added 1323
added 1311
added 1301
added 1289
added 1271
added 1261
added 1244
added 1233
added 1213
added 1212
added 1200
added 1172
added 1164
added 1138
added 1121
added 1114
added 1103
added 1087
added 1080
added 1065
added 1054
added 1031
added 1024
added 997
added 980
added 977
added 976
added 964
added 959
added 945
added 931
added 917
added 900
added 890
added 884
added 858
added 848
added 842
added 830
added 814
added 804
added 785
added 776
added 769
added 760
added 741
added 727
added 704
added 693
added 692
added 681
added 671
added 668
added 645
added 634
added 633
added 622
added 615
added 613
added 586
added 568
added 552
added 551
added 530
added 521
added 507
added 503
added 487
added 475
added 465
added 462
added 452
added 441
added 433
added 420
added 399
added 385
added 365
added 355
added 354
added 341
added 336
added 328
added 314
added 303
added 273
added 256
added 240
added 224
added 223
added 209
added 192
added 190
added 186
added 176
added 157
added 138
added 114
added 112
added 95
added 86
added 68
added 49
added 35
added 11
added 9
added 4
added 3
added 2
added 2
added 2
added 2
added 2
added 2
added 2
added 2
added 2
added 2
added 2
added 2
added 2
added 2
added 2
added 2
added 2
added 2
added 2
added 2
added 2
added 2
added 2
added 2
added 2
added 2
added 2
added 2
added 2
added 2
added 2
added 2
added 2
added 2
added 2
added 2
added 2
added 2
added 2
added 2
added 2
added 2
added 2
added 2
added 2
added 2
added 2
added 2
added 2
added 2
added 2
added 2
added 2
added 2
added 2
added 2
added 2
added 2
added 2
added 2
added 2
added 2
added 2
added 2
added 2
added 2
added 2
added 2
added 2
added 2
added 2
added 2
added 2
added 2
added 2
added 2
added 2
added 2
added 2
added 2
added 2
added 2
added 2
added 2
added 2
added 2
added 2
added 2
added 2
added 2
added 2
added 2
added 2
added 2
added 2
added 2
added 2
added 2
added 2
added 2
added 2
added 2
added 2
added 2
added 2
added 2
added 2
added 2
added 2
added 2
added 2
added 2
added 2
added 2
added 2
added 2
added 2
added 2
added 2
added 2
added 2
added 2
added 2
added 2
added 2
added 2
added 2
added 2
added 2
added 2
added 2
added 2
added 2
added 2
added 2
added 2
added 2
added 2
added 2
added 2
added 2
added 2
added 2
added 2
added 2
added 2
added 2
added 2
added 2
added 2
added 2
added 2
added 2
added 2
added 2
added 2
added 2
added 2
added 2
added 2
added 2
added 2
added 2
added 2
added 2
added 2
added 2
added 2
added 2
added 2
added 2
added 2
added 2
added 2
added 2
added 2
added 2
added 2
added 2
added 2
added 2
added 2
added 2
added 2
added 2
added 2
added 2
added 2
added 2
added 2
added 2
added 2
added 2
added 2
added 2
added 2
added 2
added 2
added 2
added 2
added 2
added 2
added 2
added 2
added 2
added 2
added 2
added 2
added 2
added 2
added 2
added 2
added 2
added 2
added 2
added 2
added 2
added 2
added 2
added 2
added 2
added 2
added 2
added 2
added 2
added 2
added 2
added 2
added 2
added 2
added 2
added 2
added 2
added 2
added 2
added 2
added 2
added 2
added 2
added 2
added 2
added 2
added 2
added 2
added 2
added 2
added 2
added 2
added 2
added 2
added 2
added 2
added 2
added 2
added 2
added 2
added 2
added 2
added 2
added 2
added 2
added 2
added 2
added 2
added 2
added 2
added 2
added 2
added 2
added 2
added 2
added 2
added 2
added 2
added 2
added 2
added 2
added 2
added 2
added 2
added 2
added 2
added 2
added 2
added 2
added 2
added 2
added 2
added 2
added 2
added 2
added 2
added 2
added 2
added 2
added 2
added 2
added 2
added 2
added 2
added 2
added 2
added 2
added 2
added 2
added 2
added 2
added 2
added 2
added 2
added 2
added 2
added 2
added 2
added 2
added 2
added 2
added 2
added 2
added 2
added 2
added 2
added 2
added 2
added 2
added 2
added 2
added 2
added 2
added 2
added 2
added 2
added 2
added 2
added 2
added 2
added 2
added 2
added 2
added 2
added 2
added 2
added 2
added 2
added 2
added 2
added 2
added 2
added 2
added 2
added 2
added 2
added 2
added 2
added 2
added 2
added 2
added 2
added 2
added 2
added 2
added 2
added 2
added 2
added 2
added 2
added 2
added 2
added 2
added 2
added 2
added 2
added 2
added 2
added 2
added 2
added 2
added 2
added 2
added 2
added 2
added 2
added 2
added 2
added 2
added 2
added 2
added 2
added 2
added 2
added 2
added 2
added 2
added 2
added 2
added 2
added 2
added 2
added 2
added 2
added 2
added 2
added 2
added 2
added 2
added 2
added 2
added 2
added 2
added 2
added 2
added 2
added 2
added 2
added 2
added 2
added 2
added 2
added 2
added 2
added 2
added 2
added 2
added 2
added 2
added 2
added 2
added 2
added 2
added 2
added 2
added 2
added 2
added 2
added 2
added 2
added 2
added 2
added 2
added 2
added 2
added 2
added 2
added 2
added 2
added 2
added 2
added 2
added 2
added 2
added 2
added 2
added 2
added 2
added 2
added 2
added 2
added 2
added 2
added 2
added 2
added 2
added 2
added 2
added 2
added 2
added 2
added 2
added 2
added 2
added 2
added 2
added 2
added 2
added 2
added 2
added 2
added 2
added 2
added 2
added 2
added 2
added 2
added 2
added 2
added 2
added 2
added 2
added 2
added 2
added 2
added 2
added 2
added 2
added 2
added 2
added 2
added 2
added 2
added 2
added 2
added 2
added 2
added 2
added 2
added 2
added 2
added 2
added 2
added 2
added 2
added 2
added 2
added 2
added 2
added 2
added 2
added 2
added 2
added 2
added 2
added 2
added 2
added 2
added 2
added 2
added 2
added 2
added 2
added 2
added 2
added 2
added 2
added 2
added 2
added 2
added 2
added 2
added 2
added 2
added 2
added 2
added 2
added 2
added 2
added 2
added 2
added 2
added 2
added 2
added 2
added 2
added 2
added 2
added 2
added 2
added 2
added 2
added 2
added 2
added 2
added 2
added 2
added 2
added 2
added 2
added 2
added 2
added 2
added 2
added 2
added 2
added 2
added 2
added 2
added 2
added 2
added 2
added 2
added 2
added 2
added 2
added 2
added 2
added 2
added 2
added 2
added 2
added 2
added 2
added 2
added 2
added 2
added 2
added 2
added 2
added 2
added 2
added 2
added 2
added 2
added 2
added 2
added 2
added 2
added 2
added 2
added 2
added 2
added 2
added 2
added 2
added 2
added 2
added 2
added 2
added 2
added 2
added 2
added 2
added 2
added 2
added 2
added 2
added 2
added 2
added 2
added 2
added 2
added 2
added 2
added 2
added 2
added 2
added 2
added 2
added 2
added 2
added 2
added 2
added 2
added 2
added 2
added 2
added 2
added 2
added 2
added 2
added 2
added 2
added 2
added 2
added 2
added 2
added 2
added 2
added 2
added 2
added 2
added 2
added 2
added 2
added 2
added 2
added 2
added 2
added 2
added 2
added 2
added 2
added 2
added 2
added 2
added 2
added 2
added 2
added 2
added 2
added 2
added 2
added 2
added 2
added 2
added 2
added 2
added 2
added 2
added 2
added 2
added 2
added 2
added 2
added 2
added 2
added 2
added 2
added 2
added 2
added 2
added 2
added 2
added 2
added 2
added 2
added 2
added 2
added 2
added 2
added 2
added 2
added 2
added 2
added 2
added 2
added 2
added 2
added 2
added 2
added 2
added 2
added 2
added 2
added 2
added 2
added 2
added 2
added 2
added 2
added 2
added 2
added 2
added 2
added 2
added 2
added 2
added 2
added 2
added 2
added 2
added 2
added 2
added 2
added 2
added 2
added 2
added 2
added 2
added 2
added 2
added 2
added 2
added 2
added 2
added 2
added 2
added 2
added 2
added 2
added 2
added 2
added 2
added 2
added 2
added 2
added 2
added 2
added 2
added 2
added 2
added 2
added 2
added 2
added 2
added 2
added 2
added 2
added 2
added 2
added 2
added 2
added 2
added 2
added 2
added 2
added 2
added 2
added 2
added 2
added 2
added 2
added 2
added 2
added 2
added 2
added 2
added 2
added 2
added 2
added 2
added 2
added 2
added 2
added 2
added 2
added 2
added 2
added 2
added 2
added 2
added 2
added 2
added 2
added 2
added 2
added 2
added 2
added 2
added 2
added 2
added 2
added 2
added 2
added 2
added 2
added 2
added 2
added 2
added 2
added 2
added 2
added 2
added 2
added 2
added 2
added 2
added 2
added 2
added 2
added 2
added 2
added 2
added 2
added 2
added 2
added 2
added 2
added 2
added 2
added 2
added 2
added 2
added 2
added 2
added 2
added 2
added 2
added 2
added 2
added 2
added 2
added 2
added 2
added 2
added 2
added 2
added 2
added 2
added 2
added 2
added 2
added 2
added 2
added 2
added 2
added 2
added 2
added 2
added 2
added 2
added 2
added 2
added 2
added 2
added 2
added 2
added 2
added 2
added 2
added 2
added 2
added 2
added 2
added 2
added 2
added 2
added 2
added 2
added 2
added 2
added 2
added 2
added 2
added 2
added 2
added 2
added 2
added 2
added 2
added 2
added 2
added 2
added 2
added 2
added 2
added 2
added 2
added 2
added 2
added 2
added 2
added 2
added 2
added 2
added 2
added 2
added 2
added 2
added 2
added 2
added 2
added 2
added 2
added 2
added 2
added 2
added 2
added 2
added 2
added 2
added 2
added 2
added 2
added 2
added 2
added 2
added 2
added 2
added 2
added 2
added 2
added 2
added 2
added 2
added 2
added 2
added 2
added 2
added 2
added 2
added 2
added 2
added 2
added 2
added 2
added 2
added 2
added 2
added 2
added 2
added 2
added 2
added 2
added 2
added 2
added 2
added 2
added 2
added 2
added 2
added 2
added 2
added 2
added 2
added 2
added 2
added 2
added 2
added 2
added 2
added 2
added 2
added 2
added 2
added 2
added 2
added 2
added 2
added 2
added 2
added 2
added 2
added 2
added 2
added 2
added 2
added 2
added 2
added 2
added 2
added 2
added 2
added 2
added 2
added 2
added 2
added 2
added 2
added 2
added 2
added 2
added 2
added 2
added 2
added 2
added 2
added 2
added 2
added 2
added 2
added 2
added 2
added 2
added 2
added 2
added 2
added 2
added 2
added 2
added 2
added 2
added 2
added 2
added 2
added 2
added 2
added 2
added 2
added 2
added 2
added 2
added 2
added 2
added 2
added 2
added 2
added 2
added 2
added 2
added 2
added 2
added 2
added 2
added 2
added 2
added 2
added 2
added 2
added 2
added 2
added 2
added 2
added 2
added 2
added 2
added 2
added 2
added 2
added 2
added 2
added 2
added 2
added 2
added 2
added 2
added 2
added 2
added 2
added 2
added 2
added 2
added 2
added 2
added 2
added 2
added 2
added 2
added 2
added 2
added 2
added 2
added 2
added 2
added 2
added 2
added 2
added 2
added 2
added 2
added 2
added 2
added 2
added 2
added 2
added 2
added 2
added 2
added 2
added 2
added 2
added 2
added 2
added 2
added 2
added 2
added 2
added 2
added 2
added 2
added 2
added 2
added 2
added 2
added 2
added 2
added 2
added 2
added 2
added 2
added 2
added 2
added 2
added 2
added 2
added 2
added 2
added 2
added 2
added 2
added 2
added 2
added 2
added 2
added 2
added 2
added 2
added 2
added 2
added 2
added 2
added 2
added 2
added 2
added 2
added 2
added 2
added 2
added 2
added 2
added 2
added 2
added 2
added 2
added 2
added 2
added 2
added 2
added 2
added 2
added 2
added 2
added 2
added 2
added 2
added 2
added 2
added 2
added 2
added 2
added 2
added 2
added 2
added 2
added 2
added 2
added 2
added 2
added 2
added 2
added 2
added 2
added 2
added 2
added 2
added 2
added 2
added 2
added 2
added 2
added 2
added 2
added 2
added 2
added 2
added 2
added 2
added 2
added 2
added 2
added 2
added 2
added 2
added 2
added 2
added 2
added 2
added 2
added 2
added 2
added 2
added 2
added 2
added 2
added 2
added 2
added 2
added 2
added 2
added 2
added 2
added 2
added 2
added 2
added 2
added 2
added 2
added 2
added 2
added 2
added 2
added 2
added 2
added 2
added 2
added 2
added 2
added 2
added 2
added 2
added 2
added 2
added 2
added 2
added 2
added 2
added 2
added 2
added 2
added 2
added 2
added 2
added 2
added 2
added 2
added 2
added 2
added 2
added 2
added 2
added 2
added 2
added 2
added 2
added 2
added 2
added 2
added 2
added 2
added 2
added 2
added 2
added 2
added 2
added 2
added 2
added 2
added 2
added 2
added 2
added 2
added 2
added 2
added 2
added 2
added 2
added 2
added 2
added 2
added 2
added 2
added 2
added 2
added 2
added 2
added 2
added 2
added 2
added 2
added 2
added 2
added 2
added 2
added 2
added 2
added 2
added 2
added 2
added 2
added 2
added 2
added 2
added 2
added 2
added 2
added 2
added 2
added 2
added 2
added 2
added 2
added 2
added 2
added 2
added 2
added 2
added 2
added 2
added 2
added 2
added 2
added 2
added 2
added 2
added 2
added 2
added 2
added 2
added 2
added 2
added 2
added 2
added 2
added 2
added 2
added 2
added 2
added 2
added 2
added 2
added 2
added 2
added 2
added 2
added 2
added 2
added 2
added 2
added 2
added 2
added 2
added 2
added 2
added 2
added 2
added 2
added 2
added 2
added 2
added 2
added 2
added 2
added 2
added 2
added 2
added 2
added 2
added 2
added 2
added 2
added 2
added 2
added 2
added 2
added 2
added 2
added 2
added 2
added 2
added 2
added 2
added 2
added 2
added 2
added 2
added 2
added 2
added 2
added 2
added 2
added 2
added 2
added 2
added 2
added 2
added 2
added 2
added 2
added 2
added 2
added 2
added 2
added 2
added 2
added 2
added 2
added 2
added 2
added 2
added 2
added 2
added 2
added 2
added 2
added 2
added 2
added 2
added 2
added 2
added 2
added 2
added 2
added 2
added 2
added 2
added 2
added 2
added 2
added 2
added 2
added 2
added 2
added 2
added 2
added 2
added 2
added 2
added 2
added 2
added 2
added 2
added 2
added 2
added 2
added 2
added 2
added 2
added 2
added 2
added 2
added 2
added 2
added 2
added 2
added 2
added 2
added 2
added 2
added 2
added 2
added 2
added 2
added 2
added 2
added 2
added 2
added 2
added 2
added 2
added 2
added 2
added 2
added 2
added 2
added 2
added 2
added 2
added 2
added 2
added 2
added 2
added 2
added 2
added 2
added 2
added 2
added 2
added 2
added 2
added 2
added 2
added 2
added 2
added 2
added 2
added 2
added 2
added 2
added 2
added 2
added 2
added 2
added 2
added 2
added 2
added 2
added 2
added 2
added 2
added 2
added 2
added 2
added 2
added 2
added 2
added 2
added 2
added 2
added 2
added 2
added 2
added 2
added 2
added 2
added 2
added 2
added 2
added 2
added 2
added 2
added 2
added 2
added 2
added 2
added 2
added 2
added 2
added 2
added 2
added 2
added 2
added 2
added 2
added 2
added 2
added 2
added 2
added 2
added 2
added 2
added 2
added 2
added 2
added 2
added 2
added 2
added 2
added 2
added 2
added 2
added 2
added 2
added 2
added 2
added 2
added 2
added 2
added 2
added 2
added 2
added 2
added 2
added 2
added 2
added 2
added 2
added 2
added 2
added 2
added 2
added 2
added 2
added 2
added 2
added 2
added 2
added 2
added 2
added 2
added 2
added 2
added 2
added 2
added 2
added 2
added 2
added 2
added 2
added 2
added 2
added 2
added 2
added 2
added 2
added 2
added 2
added 2
added 2
added 2
added 2
added 2
added 2
added 2
added 2
added 2
added 2
added 2
added 2
added 2
added 2
added 2
added 2
added 2
added 2
added 2
added 2
added 2
added 2
added 2
added 2
added 2
added 2
added 2
added 2
added 2
added 2
added 2
added 2
added 2
added 2
added 2
added 2
added 2
added 2
added 2
added 2
added 2
added 2
added 2
added 2
added 2
added 2
added 2
added 2
added 2
added 2
added 2
added 2
added 2
added 2
added 2
added 2
added 2
added 2
added 2
added 2
added 2
added 2
added 2
added 2
added 2
added 2
added 2
added 2
added 2
added 2
added 2
added 2
added 2
added 2
added 2
added 2
added 2
added 2
added 2
added 2
added 2
added 2
added 2
added 2
added 2
added 2
added 2
added 2
added 2
added 2
added 2
added 2
added 2
added 2
added 2
added 2
added 2
added 2
added 2
added 2
added 2
added 2
added 2
added 2
added 2
added 2
added 2
added 2
added 2
added 2
added 2
added 2
added 2
added 2
added 2
added 2
added 2
added 2
added 2
added 2
added 2
added 2
added 2
added 2
added 2
added 2
added 2
added 2
added 2
added 2
added 2
added 2
added 2
added 2
added 2
added 2
added 2
added 2
added 2
added 2
added 2
added 2
added 2
added 2
added 2
added 2
added 2
added 2
added 2
added 2
added 2
added 2
added 2
added 2
added 2
added 2
added 2
added 2
added 2
added 2
added 2
added 2
added 2
added 2
added 2
added 2
added 2
added 2
added 2
added 2
added 2
added 2
added 2
added 2
added 2
added 2
added 2
added 2
added 2
added 2
added 2
added 2
added 2
added 2
added 2
added 2
added 2
added 2
added 2
added 2
added 2
added 2
added 2
added 2
added 2
added 2
added 2
added 2
added 2
added 2
added 2
added 2
added 2
added 2
added 2
added 2
added 2
added 2
added 2
added 2
added 2
added 2
added 2
added 2
added 2
added 2
added 2
added 2
added 2
added 2
HERE
0
3292058
3280777
3256739
3230862
3230469
3256700
3230001
3231719
3231192
3207090
0
0
0
0
0
3206136
0
0
0
0
3204064
3204650
3204811
3179796
0
0
3204462
0
3205210
3179298
0
3205165
0
3180714
0
0
0
0
0
3178675
3178944
0
0
3180091
0
0
0
3155073
0
3153724
3154485
3151721
0
0
0
0
0
0
3154496
3154204
3129006
3154683
0
3152645
3154487
3153222
3129956
3129799
0
3129538
0
0
0
0
3128592
3128885
3103906
0
0
0
0
3103380
0
3129528
3104886
3104771
3104273
0
3078674
0
0
0
3102192
3079762
3053580
0
3053573
3077239
3054455
0
0
0
3054787
3079155
0
3078350
0
0
3053849
3054746
3054934
3054125
3029956
3026656
3026426
0
0
3026831
0
0
0
0
0
3028600
0
3027094
0
0
0
0
0
0
0
0
3025994
3027898
3002933
0
0
0
3002855
0
0
3002709
0
0
0
2977272
3001732
0
3001589
0
3001296
2976681
3002310
2977682
0
2950235
2975863
2977074
0
0
0
2976383
2976298
0
2976955
2975898
2976796
2976729
2924629
0
2950865
2975967
2952296
2950429
2949604
2951842
2926370
2950233
2923666
2900018
2950880
2951920
2926664
0
2926266
2926535
2901158
0
2875531
0
0
2873373
0
0
0
2874825
2874792
2874786
0
0
2848385
0
2848288
2873108
2872634
2850145
2823448
2823007
0
2823568
2823390
2849096
0
2849420
2823282
0
2796546
2823337
0
2824698
2798864
0
2796097
0
0
0
2797548
2797193
0
2796769
0
0
0
0
2797474
2795999
2772754
0
0
2771449
2772354
2771744
0
2771318
0
0
0
2771832
0
2771770
0
0
2747246
0
0
0
2745896
0
0
0
0
2746096
0
0
0
0
0
0
2744265
2721600
0
0
0
0
0
0
0
0
0
0
0
0
0
0
0
2721041
0
0
0
0
0
0
0
2721408
0
2721423
0
0
2694478
2696451
2696253
2695725
0
2670465
2670667
2695019
0
2696199
0
0
2671769
0
2671200
0
2671520
2645323
2669924
0
2670394
2670976
2644975
2646270
2645688
2669909
2646390
0
2645609
2621028
2570320
2595682
2645831
2644495
2621627
0
2570389
2621341
2621584
2596690
2595833
0
0
0
0
0
2546039
0
0
0
0
0
2571511
2546229
2544732
0
0
0
0
0
0
0
2520138
2521325
2520905
0
0
0
0
2520648
2519732
0
0
2521269
2496227
2496090
2520524
0
2495362
0
2493805
0
2521288
2496741
2495964
2496171
2495254
0
0
0
0
0
0
2496246
2496258
0
0
2471597
0
0
0
0
0
2470627
2471286
0
2469545
0
0
0
2469251
0
2471239
2444929
0
0
0
2444937
2445917
2420029
2445639
0
0
0
0
2419203
0
0
2420218
2418928
2445116
2421208
0
0
2370155
0
2418951
0
2419553
2395866
2394924
0
0
0
2395162
0
2343396
0
2395099
2395157
2371108
2370984
0
2344987
2370400
0
2371050
2344170
2371091
0
2346741
2295376
2345070
2320714
0
0
0
0
0
0
0
0
2319708
2296148
2268175
0
2295699
2295812
2270070
2294312
2269218
2269497
0
0
0
2271352
2268877
2269238
2242692
2269091
0
0
2268261
2267759
0
0
0
2269247
2218304
0
2217226
2244683
2243899
2242724
2244003
2219336
0
0
2216456
2218644
0
2217648
0
2192032
2193271
0
2192502
0
2217739
2193482
2192793
0
2193275
0
2190818
0
2193051
2192630
2167791
2167369
0
0
2142786
0
0
2141955
0
0
0
0
0
0
2166916
0
2118121
0
0
0
0
2142865
2118790
0
0
0
0
0
0
0
0
2118652
2117398
0
0
0
0
2117855
2093852
0
0
0
0
0
0
0
0
0
0
2092731
0
2092330
0
0
2093623
2093521
2068723
2067843
0
0
0
0
0
0
0
0
0
0
2042478
0
2067748
2067736
0
2018084
2067697
2067383
2066415
2068233
0
0
1991657
2017936
2066693
2043382
2042174
2018311
2015657
1991669
2016233
1966420
2017379
2016569
1993211
0
1991519
0
1965553
1966728
1991976
1991057
1965787
0
1992421
1968034
1941490
0
0
0
1940188
0
1914195
0
0
0
1939290
1915967
0
1914477
0
1865480
1914095
0
0
0
0
0
0
0
0
0
0
0
1889281
0
1889519
0
1865322
0
1890335
1839138
1890113
1866079
0
1840134
1840043
1815258
1839192
0
0
0
1839498
1841383
1790333
1789513
0
0
1814662
0
1840400
1841344
1814971
1814253
1816213
1790866
0
1790737
1789220
0
1790376
0
0
1790072
0
1789490
1766398
0
0
0
1765773
0
1765036
1765254
0
0
0
0
0
0
1766148
0
0
1766014
0
0
1765032
1766033
1765564
1741435
0
1741270
1739939
0
0
1715104
1741129
0
0
1740073
1739875
1740174
1741116
1716638
1716546
0
0
0
0
1715681
0
0
0
0
1716299
1715517
1689749
1690380
0
1715577
1715505
1690465
1691927
1639824
1640529
1664830
0
1666365
0
1666362
1665661
1666405
0
1665264
1665656
1665867
0
0
1641172
1639537
0
1640081
0
1640491
0
1639415
0
1615749
0
0
1615448
0
0
1589076
1614519
0
1614248
1587666
0
1615672
0
1590106
1588740
1614768
0
0
1590578
0
1589990
1589324
1564087
1589868
0
1589531
1588611
1589087
1564930
1563102
0
0
1538854
1538211
0
0
0
0
1561880
1563601
1562662
0
0
1537458
1539253
1538993
0
0
1538616
1514392
1513392
0
0
0
1489073
1539173
1514804
1514022
0
1512524
1513721
0
1489819
0
0
0
1488972
0
0
0
1488780
1487826
1464397
0
0
0
0
0
0
0
0
0
0
1463472
1462765
0
0
1462081
1413576
0
0
0
1438287
1414106
0
1436869
1462658
1463855
1439345
0
0
1412008
0
1413103
1414149
0
0
1412545
0
0
0
0
0
1413100
1388977
0
0
1362543
0
1388103
0
0
1387529
0
1386519
0
0
1388506
1388325
1388919
1387736
1364283
0
0
1363630
1364140
1363304
0
0
0
0
0
1336350
0
0
1339668
0
0
0
0
1338954
1339635
1312918
1287722
1312167
1337996
0
1288092
1337854
1314156
0
1287683
1287776
1286642
0
1312476
1263648
1211806
1288730
0
1311705
1311670
1313129
1288918
1288196
1210718
1237210
1237647
1263850
1263540
1263776
0
1212539
0
1263751
0
0
1263596
0
1262304
1239178
1213180
1211752
1212694
1188387
1187177
0
0
0
0
0
0
1186214
1186908
1161104
0
0
1184517
1186601
1187200
0
1162477
0
1160794
0
0
0
0
1161347
1160735
0
0
0
0
0
0
1135894
0
1136152
0
0
1160690
0
1135970
0
0
0
1136172
1136852
0
1135975
0
0
1135499
0
1112315
1086926
0
0
0
0
0
0
0
0
1111277
1111540
0
0
1111282
0
1084784
1086027
0
0
0
1086245
1110902
1087868
0
1086784
0
1084996
1060277
1084409
1060147
1084275
1086812
1086149
1061229
1060638
1060861
1034870
0
0
0
1061131
1059662
1060198
0
1060840
1009469
0
0
1036254
1034877
1034108
0
1009868
0
1009747
1011153
0
0
0
0
984578
1009077
1009568
1008648
985827
984556
984917
0
0
0
985213
985991
0
960795
0
0
960244
985117
0
0
984106
984353
960973
0
0
960467
960764
0
959743
936528
0
0
934619
0
0
0
934625
0
0
935922
0
0
935357
0
0
0
911442
0
0
0
909391
908585
0
909091
0
0
0
0
0
909479
883859
0
0
0
908644
910170
909563
0
0
0
884605
882655
884662
0
884164
883534
0
0
882903
0
859893
0
0
0
0
0
0
859208
858885
858497
0
857779
0
0
858635
0
857986
806354
857304
833365
832224
0
0
0
0
833563
832205
831301
834200
832146
0
806015
0
832294
0
0
807488
832293
805224
831977
808426
782691
0
0
0
0
782227
0
780572
0
0
0
0
0
0
0
756244
732437
0
781655
782408
757869
0
732577
0
0
757278
0
0
730688
757446
706977
732951
0
0
0
0
730361
731929
0
0
706013
0
0
0
0
705910
706953
706476
707402
706801
0
0
706796
0
0
0
706909
705820
681983
680678
0
0
679278
680135
0
681447
0
0
0
654121
0
0
0
0
678024
680132
656158
629718
630318
0
629363
0
655929
0
628510
0
0
0
630564
0
0
604715
605188
0
0
0
0
629775
605409
0
0
604480
0
578747
603690
578386
604647
578103
578044
0
581042
0
0
0
0
0
580520
0
578981
0
578505
578913
0
0
526714
579136
580239
0
0
579004
555096
553091
0
554188
0
553919
0
527853
0
554032
0
0
527226
0
527733
0
528548
553662
553504
530110
0
0
0
528018
0
0
0
0
0
502487
477965
476717
0
477711
0
503567
501689
476172
0
0
501792
0
0
0
476366
502298
503305
503299
449415
0
503245
502514
478444
425828
477094
477996
452659
450544
450752
0
451625
0
424936
0
424913
450847
0
0
400889
0
0
0
424807
450861
0
399807
0
400856
0
426631
0
0
401297
401488
0
0
0
0
0
0
0
0
376686
376447
0
0
376241
0
0
0
0
350647
375891
0
351534
0
0
0
0
0
325953
0
0
0
0
0
350827
0
0
324749
0
0
0
0
326644
0
0
0
0
300955
0
324612
301709
0
299984
301185
0
0
0
0
0
0
0
300372
0
299493
276131
0
0
0
275221
0
275593
0
275941
275145
273338
274752
273910
0
0
0
0
0
0
0
275394
250455
0
249656
0
0
0
223741
0
0
249931
223787
249688
223133
249132
248914
0
0
224673
249808
0
0
0
223687
197516
224033
223629
0
0
248749
224936
172006
0
171088
199752
196840
0
0
198101
0
197885
0
0
0
0
173543
0
0
0
146582
147373
147860
0
0
148040
0
0
147195
0
146634
0
0
0
0
147196
0
0
147214
123074
122664
0
97895
0
122624
0
122314
97031
0
122798
0
0
96456
97093
122727
0
122083
0
97499
0
122687
70231
97786
98140
96462
98435
73549
0
0
0
73071
71747
0
0
48192
71719
72101
0
72397
0
72504
0
71697
0
0
0
47524
48239
47735
23755
0
0
0
0
0
0
0
0
0
0
0
0
0
0
0
0
0
0
0
0
0
0
0
0
0
0
0
0
0
0
0
0
0
0
0
0
0
0
0
0
0
0
0
0
0
0
0
0
0
0
0
0
0
0
0
0
0
0
0
0
0
0
0
0
0
0
0
0
0
0
0
0
0
0
0
0
0
0
0
0
0
0
0
0
0
0
0
0
0
0
0
0
0
0
0
0
0
0
0
0
0
0
0
0
0
0
0
0
0
0
0
0
0
0
0
0
0
0
0
0
0
0
0
0
0
0
0
0
0
0
0
0
0
0
0
0
0
0
0
0
0
0
0
0
0
0
0
0
0
0
0
0
0
0
0
0
0
0
0
0
0
0
0
0
0
0
0
0
0
0
0
0
0
0
0
0
0
0
0
0
0
0
0
0
0
0
0
0
0
0
0
0
0
0
0
0
0
0
0
0
0
0
0
0
0
0
0
0
0
0
0
0
0
0
0
0
0
0
0
0
0
0
0
0
0
0
0
0
0
0
0
0
0
0
0
0
0
0
0
0
0
0
0
0
0
0
0
0
0
0
0
0
0
0
0
0
0
0
0
0
0
0
0
0
0
0
0
0
0
0
0
0
0
0
0
0
0
0
0
0
0
0
0
0
0
0
0
0
0
0
0
0
0
0
0
0
0
0
0
0
0
0
0
0
0
0
0
0
0
0
0
0
0
0
0
0
0
0
0
0
0
0
0
0
0
0
0
0
0
0
0
0
0
0
0
0
0
0
0
0
0
0
0
0
0
0
0
0
0
0
0
0
0
0
0
0
0
3256700
